[[  24.   13.   56.   40.]
 [ 615.    4.  682.   27.]
 [ 222.   14.  343.   36.]
 [ 905.   12. 1009.   38.]
 [ 505.   27.  569.   51.]
 [ 614.   27.  669.   51.]
 [ 718.   27.  786.   49.]
 [  31.   53.   47.   74.]
 [ 274.   52.  291.   74.]
 [ 529.   52.  546.   74.]
 [ 633.   53.  649.   73.]
 [ 743.   52.  761.   73.]
 [ 950.   51.  968.   73.]
 [  31.  103.   52.  121.]
 [  61.   99.  263.  123.]
 [ 524.  101.  552.  123.]
 [ 602.   99.  678.  123.]
 [ 731.   99.  774.  123.]
 [ 794.  101.  999.  123.]
 [  63.  124.  348.  145.]
 [ 796.  124. 1088.  146.]
 [  64.  150.  424.  169.]
 [ 792.  144.  835.  173.]
 [  62.  171.  426.  195.]
 [  65.  197.  303.  216.]
 [  61.  219.  192.  243.]
 [  63.  243.  204.  266.]
 [ 524.  241.  555.  266.]
 [ 602.  241.  680.  264.]
 [ 732.  241.  775.  266.]
 [  63.  268.  187.  287.]
 [ 519.  265.  557.  289.]
 [ 588.  265.  695.  289.]
 [ 724.  263.  780.  290.]
 [  62.  289.  281.  313.]
 [ 524.  290.  552.  313.]
 [ 606.  290.  677.  313.]
 [ 730.  287.  775.  314.]
 [  65.  317.  396.  335.]
 [ 525.  313.  552.  336.]
 [ 603.  313.  680.  336.]
 [ 732.  312.  774.  336.]
 [  63.  338.  428.  361.]
 [ 525.  338.  552.  361.]
 [ 603.  338.  680.  360.]
 [ 733.  337.  774.  361.]
 [  63.  365.  320.  384.]
 [ 525.  362.  552.  385.]
 [ 606.  363.  678.  385.]
 [ 733.  360.  774.  385.]
 [  64.  389.  183.  407.]
 [ 525.  385.  553.  408.]
 [ 602.  384.  681.  410.]
 [ 733.  385.  775.  410.]
 [  30.  435.   59.  455.]
 [  64.  435.  478.  453.]
 [ 530.  434.  547.  455.]
 [ 612.  434.  674.  457.]
 [ 733.  431.  775.  456.]
 [  65.  458.  451.  477.]
 [  64.  481.  178.  503.]
 [  61.  503.  191.  530.]
 [  64.  528.  323.  550.]
 [ 530.  528.  549.  550.]
 [ 613.  528.  674.  551.]
 [ 733.  527.  775.  551.]
 [  61.  552.  245.  575.]
 [ 530.  553.  547.  575.]
 [ 610.  550.  674.  578.]
 [ 733.  551.  774.  575.]
 [  61.  575.  202.  599.]
 [ 530.  577.  547.  599.]
 [ 612.  577.  674.  600.]
 [ 733.  575.  775.  600.]
 [  63.  601.  368.  623.]
 [ 530.  601.  547.  623.]
 [ 603.  600.  680.  626.]
 [ 734.  601.  775.  623.]
 [  64.  627.  349.  646.]
 [ 530.  625.  547.  648.]
 [ 603.  623.  680.  650.]
 [ 733.  624.  774.  648.]
 [  64.  651.  313.  669.]
 [ 530.  649.  547.  671.]
 [ 604.  649.  680.  672.]
 [ 733.  647.  775.  672.]
 [  61.  669.  345.  697.]
 [ 530.  672.  549.  694.]
 [ 611.  671.  674.  698.]
 [ 733.  671.  775.  695.]
 [  65.  697.  302.  715.]
 [ 530.  697.  549.  718.]
 [ 611.  694.  674.  722.]
 [ 734.  697.  775.  719.]
 [  90.  722.  472.  740.]
 [ 530.  721.  549.  743.]
 [ 604.  719.  680.  745.]
 [ 733.  718.  775.  743.]
 [  64.  744.  271.  766.]
 [ 530.  744.  549.  766.]
 [ 613.  744.  674.  767.]
 [ 733.  743.  775.  767.]
 [  64.  768.  472.  791.]
 [ 530.  769.  549.  791.]
 [ 611.  768.  674.  794.]
 [ 731.  765.  776.  794.]
 [  64.  791.  317.  815.]
 [ 530.  793.  549.  815.]
 [ 611.  791.  674.  817.]
 [ 733.  791.  775.  816.]
 [  65.  817.  252.  840.]
 [ 531.  816.  547.  840.]
 [ 618.  815.  667.  842.]
 [ 734.  815.  773.  844.]
 [  32.  868.   54.  886.]
 [  49.  871.   64.  882.]
 [  59.  865.  212.  888.]
 [ 528.  865.  555.  888.]
 [ 601.  865.  684.  888.]
 [ 733.  865.  776.  889.]]